0.56370699 1.56361675 2.56361699 3.56370711 0.43629301 1.43638313 2.43638301 3.43629313 
0.06366198 0.06366198 0.06366198 0.06366198 -0.06366198 -0.06366198 -0.06366198 -0.06366198 
0.62610835 1.62601805 2.62601829 3.62610841 0.37389165 1.37398183 2.37398171 3.37389183 
0.06240134 0.06240134 0.06240134 0.06240134 -0.06240134 -0.06240134 -0.06240134 -0.06240134 
0.67886102 1.67877066 2.67877102 3.67886114 0.32113901 1.32122922 2.32122898 3.32113910 
0.05275265 0.05275265 0.05275265 0.05275265 -0.05275265 -0.05275265 -0.05275265 -0.05275265 
0.70328546 1.70319510 2.70319557 3.70328569 0.29671457 1.29680479 2.29680443 3.29671478 
0.02442443 0.02442443 0.02442443 0.02442443 -0.02442443 -0.02442443 -0.02442443 -0.02442443 
0.68042713 1.68033671 2.68033719 3.68042731 0.31957293 1.31966317 2.31966281 3.31957316 
-0.02285835 -0.02285835 -0.02285835 -0.02285835 0.02285835 0.02285835 0.02285835 0.02285835 
0.61917877 1.61908841 2.61908889 3.61917901 0.38082129 1.38091159 2.38091111 3.38082147 
-0.06124836 -0.06124836 -0.06124836 -0.06124836 0.06124836 0.06124836 0.06124836 0.06124836 
0.57503539 1.57494509 2.57494545 3.57503557 0.42496464 1.42505491 2.42505455 3.42496490 
-0.04414335 -0.04414335 -0.04414335 -0.04414335 0.04414335 0.04414335 0.04414335 0.04414335 
0.60302687 1.60293651 2.60293698 3.60302711 0.39697319 1.39706349 2.39706302 3.39697337 
0.02799145 0.02799145 0.02799145 0.02799145 -0.02799145 -0.02799145 -0.02799145 -0.02799145 
0.66495478 1.66486442 2.66486478 3.66495490 0.33504531 1.33513558 2.33513522 3.33504558 
0.06192790 0.06192790 0.06192790 0.06192790 -0.06192790 -0.06192790 -0.06192790 -0.06192790 
0.65677959 1.65668917 2.65668964 3.65677977 0.34322053 1.34331083 2.34331036 3.34322071 
-0.00817522 -0.00817522 -0.00817522 -0.00817522 0.00817522 0.00817522 0.00817522 0.00817522 
0.59364474 1.59355426 2.59355474 3.59364486 0.40635541 1.40644574 2.40644526 3.40635562 
-0.06313488 -0.06313488 -0.06313488 -0.06313488 0.06313488 0.06313488 0.06313488 0.06313488 
0.60778224 1.60769176 2.60769224 3.60778236 0.39221793 1.39230824 2.39230776 3.39221811 
0.01413748 0.01413748 0.01413748 0.01413748 -0.01413748 -0.01413748 -0.01413748 -0.01413748 
0.66628766 1.66619718 2.66619754 3.66628766 0.33371252 1.33380282 2.33380246 3.33371282 
0.05850541 0.05850541 0.05850541 0.05850541 -0.05850541 -0.05850541 -0.05850541 -0.05850541 
0.62702131 1.62693083 2.62693119 3.62702131 0.37297884 1.37306917 2.37306881 3.37297916 
-0.03926633 -0.03926633 -0.03926633 -0.03926633 0.03926633 0.03926633 0.03926633 0.03926633 
0.59235507 1.59226465 2.59226489 3.59235501 0.40764508 1.40773535 2.40773511 3.40764546 
-0.03466624 -0.03466624 -0.03466624 -0.03466624 0.03466624 0.03466624 0.03466624 0.03466624 
0.65497661 1.65488613 2.65488648 3.65497661 0.34502357 1.34511387 2.34511352 3.34502387 
0.06262150 0.06262150 0.06262150 0.06262150 -0.06262150 -0.06262150 -0.06262150 -0.06262150 
0.63783938 1.63774884 2.63774920 3.63783932 0.36216083 1.36225116 2.36225080 3.36216116 
-0.01713725 -0.01713725 -0.01713725 -0.01713725 0.01713725 0.01713725 0.01713725 0.01713725 
0.59257680 1.59248626 2.59248662 3.59257674 0.40742341 1.40751374 2.40751338 3.40742373 
-0.04526258 -0.04526258 -0.04526258 -0.04526258 0.04526258 0.04526258 0.04526258 0.04526258 
0.65449941 1.65440893 2.65440917 3.65449929 0.34550080 1.34559107 2.34559083 3.34550118 
0.06192262 0.06192262 0.06192262 0.06192262 -0.06192262 -0.06192262 -0.06192262 -0.06192262 
0.63162404 1.63153350 2.63153386 3.63162398 0.36837620 1.36846650 2.36846614 3.36837649 
-0.02287538 -0.02287538 -0.02287538 -0.02287538 0.02287538 0.02287538 0.02287538 0.02287538 
0.59782118 1.59773064 2.59773111 3.59782124 0.40217906 1.40226936 2.40226889 3.40217924 
-0.03380287 -0.03380287 -0.03380287 -0.03380287 0.03380287 0.03380287 0.03380287 0.03380287 
0.66100836 1.66091776 2.66091824 3.66100836 0.33899188 1.33908224 2.33908176 3.33899212 
0.06318718 0.06318718 0.06318718 0.06318718 -0.06318718 -0.06318718 -0.06318718 -0.06318718 
0.61361355 1.61352301 2.61352348 3.61361361 0.38638669 1.38647699 2.38647652 3.38638687 
-0.04739481 -0.04739481 -0.04739481 -0.04739481 0.04739481 0.04739481 0.04739481 0.04739481 
0.61485457 1.61476398 2.61476445 3.61485457 0.38514569 1.38523602 2.38523555 3.38514590 
0.00124100 0.00124100 0.00124100 0.00124100 -0.00124100 -0.00124100 -0.00124100 -0.00124100 
0.65917587 1.65908527 2.65908575 3.65917587 0.34082437 1.34091473 2.34091425 3.34082460 
0.04432133 0.04432133 0.04432133 0.04432133 -0.04432133 -0.04432133 -0.04432133 -0.04432133 
0.59556407 1.59547341 2.59547400 3.59556413 0.40443620 1.40452659 2.40452600 3.40443635 
-0.06361183 -0.06361183 -0.06361183 -0.06361183 0.06361183 0.06361183 0.06361183 0.06361183 
0.64447409 1.64438343 2.64438391 3.64447403 0.35552618 1.35561657 2.35561609 3.35552645 
0.04891002 0.04891002 0.04891002 0.04891002 -0.04891002 -0.04891002 -0.04891002 -0.04891002 
0.63390863 1.63381791 2.63381839 3.63390851 0.36609164 1.36618209 2.36618161 3.36609197 
-0.01056546 -0.01056546 -0.01056546 -0.01056546 0.01056546 0.01056546 0.01056546 0.01056546 
0.60231411 1.60222340 2.60222387 3.60231400 0.39768615 1.39777660 2.39777613 3.39768648 
-0.03159451 -0.03159451 -0.03159451 -0.03159451 0.03159451 0.03159451 0.03159451 0.03159451 
0.66125929 1.66116858 2.66116905 3.66125917 0.33874100 1.33883142 2.33883095 3.33874130 
0.05894516 0.05894516 0.05894516 0.05894516 -0.05894516 -0.05894516 -0.05894516 -0.05894516 
0.59967428 1.59958351 2.59958410 3.59967422 0.40032601 1.40041649 2.40041590 3.40032625 
-0.06158502 -0.06158502 -0.06158502 -0.06158502 0.06158502 0.06158502 0.06158502 0.06158502 
0.64022565 1.64013481 2.64013553 3.64022565 0.35977465 1.35986519 2.35986447 3.35977483 
0.04055136 0.04055136 0.04055136 0.04055136 -0.04055136 -0.04055136 -0.04055136 -0.04055136 
0.63483334 1.63474250 2.63474321 3.63483334 0.36516693 1.36525750 2.36525679 3.36516714 
-0.00539228 -0.00539228 -0.00539228 -0.00539228 0.00539228 0.00539228 0.00539228 0.00539228 
0.60410756 1.60401678 2.60401750 3.60410762 0.39589271 1.39598322 2.39598250 3.39589286 
-0.03072578 -0.03072578 -0.03072578 -0.03072578 0.03072578 0.03072578 0.03072578 0.03072578 
0.66012728 1.66003656 2.66003728 3.66012740 0.33987299 1.33996344 2.33996272 3.33987308 
0.05601973 0.05601973 0.05601973 0.05601973 -0.05601973 -0.05601973 -0.05601973 -0.05601973 
0.59658593 1.59649527 2.59649587 3.59658599 0.40341434 1.40350473 2.40350413 3.40341449 
-0.06354135 -0.06354135 -0.06354135 -0.06354135 0.06354135 0.06354135 0.06354135 0.06354135 
0.64900351 1.64891291 2.64891338 3.64900351 0.35099676 1.35108709 2.35108662 3.35099697 
0.05241758 0.05241758 0.05241758 0.05241758 -0.05241758 -0.05241758 -0.05241758 -0.05241758 
0.62192178 1.62183118 2.62183166 3.62192178 0.37807849 1.37816882 2.37816834 3.37807870 
-0.02708173 -0.02708173 -0.02708173 -0.02708173 0.02708173 0.02708173 0.02708173 0.02708173 
0.61713606 1.61704540 2.61704588 3.61713600 0.38286424 1.38295460 2.38295412 3.38286448 
-0.00478573 -0.00478573 -0.00478573 -0.00478573 0.00478573 0.00478573 0.00478573 0.00478573 
0.65187782 1.65178716 2.65178752 3.65187764 0.34812248 1.34821284 2.34821248 3.34812284 
0.03474174 0.03474174 0.03474174 0.03474174 -0.03474174 -0.03474174 -0.03474174 -0.03474174 
0.59611905 1.59602845 2.59602880 3.59611893 0.40388122 1.40397155 2.40397120 3.40388155 
-0.05575875 -0.05575875 -0.05575875 -0.05575875 0.05575875 0.05575875 0.05575875 0.05575875 
0.65976089 1.65967035 2.65967059 3.65976071 0.34023935 1.34032965 2.34032941 3.34023976 
0.06364187 0.06364187 0.06364187 0.06364187 -0.06364187 -0.06364187 -0.06364187 -0.06364187 
0.60222685 1.60213625 2.60213661 3.60222673 0.39777341 1.39786375 2.39786339 3.39777374 
-0.05753407 -0.05753407 -0.05753407 -0.05753407 0.05753407 0.05753407 0.05753407 0.05753407 
0.64183193 1.64174128 2.64174175 3.64183187 0.35816833 1.35825872 2.35825825 3.35816860 
0.03960508 0.03960508 0.03960508 0.03960508 -0.03960508 -0.03960508 -0.03960508 -0.03960508 
0.62766027 1.62756968 2.62757015 3.62766027 0.37233999 1.37243032 2.37242985 3.37234020 
-0.01417166 -0.01417166 -0.01417166 -0.01417166 0.01417166 0.01417166 0.01417166 0.01417166 
0.61421192 1.61412132 2.61412191 3.61421204 0.38578835 1.38587868 2.38587809 3.38578844 
-0.01344836 -0.01344836 -0.01344836 -0.01344836 0.01344836 0.01344836 0.01344836 0.01344836 
0.65228015 1.65218949 2.65219021 3.65228033 0.34772015 1.34781051 2.34780979 3.34772015 
0.03806822 0.03806822 0.03806822 0.03806822 -0.03806822 -0.03806822 -0.03806822 -0.03806822 
0.59673643 1.59664583 2.59664655 3.59673667 0.40326387 1.40335417 2.40335345 3.40326381 
-0.05554372 -0.05554372 -0.05554372 -0.05554372 0.05554372 0.05554372 0.05554372 0.05554372 
0.66008192 1.65999138 2.65999198 3.66008210 0.33991835 1.34000862 2.34000802 3.33991838 
0.06334551 0.06334551 0.06334551 0.06334551 -0.06334551 -0.06334551 -0.06334551 -0.06334551 
0.59931773 1.59922719 2.59922791 3.59931803 0.40068254 1.40077281 2.40077209 3.40068245 
-0.06076419 -0.06076419 -0.06076419 -0.06076419 0.06076419 0.06076419 0.06076419 0.06076419 
0.64810449 1.64801395 2.64801455 3.64810467 0.35189581 1.35198605 2.35198545 3.35189581 
0.04878674 0.04878674 0.04878674 0.04878674 -0.04878674 -0.04878674 -0.04878674 -0.04878674 
0.61837518 1.61828458 2.61828518 3.61837530 0.38162515 1.38171542 2.38171482 3.38162518 
-0.02972934 -0.02972934 -0.02972934 -0.02972934 0.02972934 0.02972934 0.02972934 0.02972934 
0.62510467 1.62501407 2.62501478 3.62510490 0.37489566 1.37498593 2.37498522 3.37489557 
0.00672948 0.00672948 0.00672948 0.00672948 -0.00672948 -0.00672948 -0.00672948 -0.00672948 
0.64190543 1.64181483 2.64181566 3.64190578 0.35809487 1.35818517 2.35818434 3.35809469 
0.01680079 0.01680079 0.01680079 0.01680079 -0.01680079 -0.01680079 -0.01680079 -0.01680079 
0.60423017 1.60413957 2.60414052 3.60423064 0.39577010 1.39586043 2.39585948 3.39576983 
-0.03767523 -0.03767523 -0.03767523 -0.03767523 0.03767523 0.03767523 0.03767523 0.03767523 
0.65755785 1.65746725 2.65746808 3.65755820 0.34244245 1.34253275 2.34253192 3.34244227 
0.05332765 0.05332765 0.05332765 0.05332765 -0.05332765 -0.05332765 -0.05332765 -0.05332765 
0.59549165 1.59540105 2.59540176 3.59549189 0.40450865 1.40459895 2.40459824 3.40450859 
-0.06206620 -0.06206620 -0.06206620 -0.06206620 0.06206620 0.06206620 0.06206620 0.06206620 
0.65867305 1.65858245 2.65858316 3.65867329 0.34132728 1.34141755 2.34141684 3.34132719 
0.06318138 0.06318138 0.06318138 0.06318138 -0.06318138 -0.06318138 -0.06318138 -0.06318138 
0.60175437 1.60166383 2.60166454 3.60175467 0.39824593 1.39833617 2.39833546 3.39824581 
-0.05691867 -0.05691867 -0.05691867 -0.05691867 0.05691867 0.05691867 0.05691867 0.05691867 
0.64609784 1.64600730 2.64600801 3.64609814 0.35390246 1.35399270 2.35399199 3.35390234 
0.04434347 0.04434347 0.04434347 0.04434347 -0.04434347 -0.04434347 -0.04434347 -0.04434347 
0.61896592 1.61887538 2.61887598 3.61896610 0.38103437 1.38112462 2.38112402 3.38103437 
-0.02713192 -0.02713192 -0.02713192 -0.02713192 0.02713192 0.02713192 0.02713192 0.02713192 
0.62628955 1.62619901 2.62619972 3.62628984 0.37371075 1.37380099 2.37380028 3.37371063 
0.00732362 0.00732362 0.00732362 0.00732362 -0.00732362 -0.00732362 -0.00732362 -0.00732362 
0.63922000 1.63912940 2.63913012 3.63922024 0.36078033 1.36087060 2.36086988 3.36078024 
0.01293042 0.01293042 0.01293042 0.01293042 -0.01293042 -0.01293042 -0.01293042 -0.01293042 
0.60762262 1.60753202 2.60753274 3.60762286 0.39237773 1.39246798 2.39246726 3.39237761 
-0.03159741 -0.03159741 -0.03159741 -0.03159741 0.03159741 0.03159741 0.03159741 0.03159741 
0.65457344 1.65448284 2.65448356 3.65457368 0.34542695 1.34551716 2.34551644 3.34542680 
0.04695079 0.04695079 0.04695079 0.04695079 -0.04695079 -0.04695079 -0.04695079 -0.04695079 
0.59687072 1.59678006 2.59678078 3.59687090 0.40312967 1.40321994 2.40321922 3.40312958 
-0.05770272 -0.05770272 -0.05770272 -0.05770272 0.05770272 0.05770272 0.05770272 0.05770272 
0.65995020 1.65985954 2.65986037 3.65995049 0.34005016 1.34014046 2.34013963 3.34004998 
0.06307950 0.06307950 0.06307950 0.06307950 -0.06307950 -0.06307950 -0.06307950 -0.06307950 
0.59711063 1.59702003 2.59702086 3.59711099 0.40288973 1.40297997 2.40297914 3.40288949 
-0.06283955 -0.06283955 -0.06283955 -0.06283955 0.06283955 0.06283955 0.06283955 0.06283955 
0.65435302 1.65426242 2.65426326 3.65435338 0.34564734 1.34573758 2.34573674 3.34564710 
0.05724239 0.05724239 0.05724239 0.05724239 -0.05724239 -0.05724239 -0.05724239 -0.05724239 
0.60737503 1.60728443 2.60728526 3.60737538 0.39262533 1.39271557 2.39271474 3.39262509 
-0.04697801 -0.04697801 -0.04697801 -0.04697801 0.04697801 0.04697801 0.04697801 0.04697801 
0.64044392 1.64035332 2.64035416 3.64044428 0.35955644 1.35964668 2.35964584 3.35955620 
0.03306890 0.03306890 0.03306890 0.03306890 -0.03306890 -0.03306890 -0.03306890 -0.03306890 
0.62368727 1.62359667 2.62359762 3.62368774 0.37631309 1.37640333 2.37640238 3.37631273 
-0.01675665 -0.01675665 -0.01675665 -0.01675665 0.01675665 0.01675665 0.01675665 0.01675665 
0.62307215 1.62298155 2.62298250 3.62307262 0.37692818 1.37701845 2.37701750 3.37692785 
-0.00061509 -0.00061509 -0.00061509 -0.00061509 0.00061509 0.00061509 0.00061509 0.00061509 
0.64078426 1.64069366 2.64069462 3.64078474 0.35921606 1.35930634 2.35930538 3.35921574 
0.01771212 0.01771212 0.01771212 0.01771212 -0.01771212 -0.01771212 -0.01771212 -0.01771212 
0.60747719 1.60738659 2.60738754 3.60747766 0.39252311 1.39261341 2.39261246 3.39252281 
-0.03330705 -0.03330705 -0.03330705 -0.03330705 0.03330705 0.03330705 0.03330705 0.03330705 
0.65383565 1.65374506 2.65374613 3.65383625 0.34616461 1.34625494 2.34625387 3.34616423 
0.04635850 0.04635850 0.04635850 0.04635850 -0.04635850 -0.04635850 -0.04635850 -0.04635850 
0.59776837 1.59767771 2.59767890 3.59776902 0.40223193 1.40232229 2.40232110 3.40223145 
-0.05606730 -0.05606730 -0.05606730 -0.05606730 0.05606730 0.05606730 0.05606730 0.05606730 
0.65967834 1.65958762 2.65958881 3.65967894 0.34032196 1.34041238 2.34041119 3.34032154 
0.06190996 0.06190996 0.06190996 0.06190996 -0.06190996 -0.06190996 -0.06190996 -0.06190996 
0.59602875 1.59593809 2.59593916 3.59602928 0.40397152 1.40406191 2.40406084 3.40397120 
-0.06364957 -0.06364957 -0.06364957 -0.06364957 0.06364957 0.06364957 0.06364957 0.06364957 
0.65735579 1.65726507 2.65726614 3.65735626 0.34264451 1.34273493 2.34273386 3.34264421 
0.06132701 0.06132701 0.06132701 0.06132701 -0.06132701 -0.06132701 -0.06132701 -0.06132701 
0.60212111 1.60203040 2.60203147 3.60212159 0.39787921 1.39796960 2.39796853 3.39787889 
-0.05523470 -0.05523470 -0.05523470 -0.05523470 0.05523470 0.05523470 0.05523470 0.05523470 
0.64799881 1.64790809 2.64790916 3.64799929 0.35200155 1.35209191 2.35209084 3.35200119 
0.04587767 0.04587767 0.04587767 0.04587767 -0.04587767 -0.04587767 -0.04587767 -0.04587767 
0.61407322 1.61398244 2.61398363 3.61407375 0.38592714 1.38601756 2.38601637 3.38592672 
-0.03392559 -0.03392559 -0.03392559 -0.03392559 0.03392559 0.03392559 0.03392559 0.03392559 
0.63423312 1.63414240 2.63414359 3.63423371 0.36576721 1.36585760 2.36585641 3.36576676 
0.02015993 0.02015993 0.02015993 0.02015993 -0.02015993 -0.02015993 -0.02015993 -0.02015993 
0.62881327 1.62872255 2.62872362 3.62881374 0.37118706 1.37127745 2.37127638 3.37118673 
-0.00541985 -0.00541985 -0.00541985 -0.00541985 0.00541985 0.00541985 0.00541985 0.00541985 
0.61936384 1.61927319 2.61927414 3.61936426 0.38063648 1.38072681 2.38072586 3.38063622 
-0.00944942 -0.00944942 -0.00944942 -0.00944942 0.00944942 0.00944942 0.00944942 0.00944942 
0.64300686 1.64291620 2.64291716 3.64300728 0.35699347 1.35708380 2.35708284 3.35699320 
0.02364302 0.02364302 0.02364302 0.02364302 -0.02364302 -0.02364302 -0.02364302 -0.02364302 
0.60656935 1.60647869 2.60647964 3.60656977 0.39343098 1.39352131 2.39352036 3.39343071 
-0.03643751 -0.03643751 -0.03643751 -0.03643751 0.03643751 0.03643751 0.03643751 0.03643751 
0.65379095 1.65370035 2.65370131 3.65379143 0.34620935 1.34629965 2.34629869 3.34620905 
0.04722163 0.04722163 0.04722163 0.04722163 -0.04722163 -0.04722163 -0.04722163 -0.04722163 
0.59827173 1.59818113 2.59818220 3.59827232 0.40172854 1.40181887 2.40181780 3.40172815 
-0.05551919 -0.05551919 -0.05551919 -0.05551919 0.05551919 0.05551919 0.05551919 0.05551919 
0.65927517 1.65918458 2.65918565 3.65927577 0.34072512 1.34081542 2.34081435 3.34072471 
0.06100343 0.06100343 0.06100343 0.06100343 -0.06100343 -0.06100343 -0.06100343 -0.06100343 
0.59577405 1.59568346 2.59568453 3.59577465 0.40422627 1.40431654 2.40431547 3.40422583 
-0.06350115 -0.06350115 -0.06350115 -0.06350115 0.06350115 0.06350115 0.06350115 0.06350115 
0.65876412 1.65867352 2.65867472 3.65876484 0.34123617 1.34132648 2.34132528 3.34123564 
0.06299010 0.06299010 0.06299010 0.06299010 -0.06299010 -0.06299010 -0.06299010 -0.06299010 
0.59917521 1.59908462 2.59908581 3.59917593 0.40082508 1.40091538 2.40091419 3.40082455 
-0.05958889 -0.05958889 -0.05958889 -0.05958889 0.05958889 0.05958889 0.05958889 0.05958889 
0.65271658 1.65262604 2.65262723 3.65271735 0.34728372 1.34737396 2.34737277 3.34728312 
0.05354136 0.05354136 0.05354136 0.05354136 -0.05354136 -0.05354136 -0.05354136 -0.05354136 
0.60751998 1.60742950 2.60743070 3.60752082 0.39248031 1.39257050 2.39256930 3.39247966 
-0.04519659 -0.04519659 -0.04519659 -0.04519659 0.04519659 0.04519659 0.04519659 0.04519659 
0.64250600 1.64241552 2.64241672 3.64250684 0.35749426 1.35758448 2.35758328 3.35749364 
0.03498605 0.03498605 0.03498605 0.03498605 -0.03498605 -0.03498605 -0.03498605 -0.03498605 
0.61910683 1.61901641 2.61901760 3.61910772 0.38089344 1.38098359 2.38098240 3.38089275 
-0.02339917 -0.02339917 -0.02339917 -0.02339917 0.02339917 0.02339917 0.02339917 0.02339917 
0.63006538 1.62997496 2.62997627 3.63006639 0.36993489 1.37002504 2.37002373 3.36993408 
0.01095855 0.01095855 0.01095855 0.01095855 -0.01095855 -0.01095855 -0.01095855 -0.01095855 
0.63186932 1.63177896 2.63178015 3.63187027 0.36813095 1.36822104 2.36821985 3.36813021 
0.00180393 0.00180393 0.00180393 0.00180393 -0.00180393 -0.00180393 -0.00180393 -0.00180393 
